
schedule = [0 3 0 5 0 7 0;0 5.5 12 13 16 18 21];

term = zeros(2,1);
save ScheduleInit.mat;